5 0.05133854166666666 0.17063888888888887 0.10267708333333332 0.3412685185185185
5 0.10863020833333333 0.5171944444444445 0.11011979166666667 0.2645462962962963
3 0.19270833333333334 0.4470925925925926 0.09523958333333334 0.25925925925925924
3 0.135046875 0.1428611111111111 0.10044791666666668 0.28571296296296295
0 0.23772395833333335 0.11838888888888889 0.08258854166666667 0.23676851851851852
2 0.3325885416666667 0.10846296296296297 0.075890625 0.21693518518518518
2 0.28608854166666664 0.3882314814814815 0.07515104166666667 0.25528703703703703
0 0.3764895833333333 0.3617685185185185 0.05952604166666667 0.23676851851851852
7 0.6499270833333333 0.10119444444444445 0.07068229166666667 0.20237962962962963
7 0.8921145833333333 0.4960277777777778 0.099703125 0.2751296296296296
1 0.642859375 0.35780555555555554 0.05505729166666666 0.24735185185185185
1 0.716890625 0.37830555555555556 0.064734375 0.25397222222222227
6 0.853421875 0.13293518518518518 0.09226041666666666 0.2632314814814815
6 0.9560989583333334 0.19047222222222224 0.087796875 0.3042314814814815
4 0.7998489583333334 0.4199722222222222 0.07738020833333333 0.26058333333333333