5 0.052453124999999996 0.17989814814814814 0.10491145833333333 0.32539814814814816
5 0.10764583333333334 0.5187962962962962 0.11101041666666665 0.2691111111111111
3 0.13581770833333331 0.14352777777777778 0.10176041666666666 0.28705555555555556
3 0.1946875 0.44553703703703706 0.09839583333333332 0.26014814814814813
0 0.23631770833333335 0.11886111111111111 0.08746354166666667 0.23772222222222222
0 0.3755 0.3640555555555556 0.061390625000000004 0.2407037037037037
2 0.28677604166666665 0.3894722222222222 0.07400520833333334 0.25565740740740744
2 0.33303125 0.1083888888888889 0.07736979166666667 0.21678703703703703
1 0.6631145833333334 0.09867592592592592 0.0664375 0.19735185185185183
1 0.7169375 0.3760092592592592 0.0664375 0.2496759259259259
7 0.6290572916666667 0.35358333333333336 0.05550520833333333 0.25266666666666665
7 0.8914427083333333 0.4956203703703704 0.099234375 0.2736018518518519
6 0.8010364583333334 0.4275925925925926 0.08157291666666668 0.25416666666666665
6 0.8540156250000001 0.13306481481481483 0.09334895833333333 0.2661203703703704
4 0.9524479166666667 0.1659537037037037 0.09510416666666667 0.3319074074074074