5 0.05171354166666667 0.17658333333333334 0.103421875 0.3320092592592592
5 0.34449479166666663 0.09920370370370371 0.06994270833333333 0.19841666666666666
3 0.146578125 0.13558333333333333 0.10119270833333333 0.27116666666666667
3 0.2924114583333333 0.3862407407407407 0.07886979166666667 0.2566111111111111
0 0.23846875 0.11772222222222223 0.08556770833333333 0.2354537037037037
0 0.3761145833333333 0.3617685185185185 0.06324479166666667 0.23941666666666667
2 0.19866145833333335 0.4457685185185185 0.09226041666666666 0.2619074074074074
2 0.10491145833333333 0.5324074074074074 0.11607291666666668 0.2738055555555555
1 0.6640625 0.0985462962962963 0.06770833333333333 0.1970925925925926
1 0.7180052083333333 0.3736759259259259 0.06696354166666667 0.2526481481481482
7 0.6290937499999999 0.35383333333333333 0.057291666666666664 0.25
7 0.892859375 0.4947129629629629 0.10416666666666667 0.2751296296296296
4 0.9542395833333334 0.16468518518518518 0.091515625 0.3293611111111111
6 0.8545364583333334 0.13028703703703703 0.09449479166666667 0.26058333333333333
6 0.8013385416666666 0.4285740740740741 0.080359375 0.2486759259259259