2 0.047989583333333335 0.18187962962962964 0.095984375 0.3637592592592593
2 0.2857135416666667 0.38360185185185186 0.075890625 0.2433888888888889
3 0.13430208333333335 0.14087037037037037 0.10193229166666667 0.28175
3 0.10602604166666667 0.5330648148148148 0.11234895833333333 0.2751296296296296
5 0.19010416666666666 0.43915740740740744 0.09003125000000001 0.2486759259259259
5 0.23883854166666665 0.11574074074074074 0.08482291666666668 0.23148148148148148
0 0.3753697916666667 0.3630925925925926 0.05878125 0.23941666666666667
0 0.3422604166666667 0.09656481481481483 0.07142708333333332 0.19312037037037036
7 0.650296875 0.10185185185185185 0.0625 0.2037037037037037
7 0.7239583333333334 0.38028703703703703 0.06398958333333334 0.2526481481481482
6 0.6361614583333334 0.36508333333333337 0.053572916666666665 0.23809259259259258
6 0.8578854166666667 0.13293518518518518 0.09226041666666666 0.2632314814814815
1 0.9523802083333333 0.16997222222222222 0.09523958333333334 0.3346574074074074
4 0.8173385416666666 0.43716666666666665 0.08705208333333332 0.26851851851851855
1 0.9021562500000001 0.5059537037037036 0.10193229166666667 0.27116666666666667