3 0.057291666666666664 0.1712962962962963 0.11458333333333333 0.3425925925925926
5 0.18378125 0.13293518518518518 0.09821354166666667 0.26587037037037037
0 0.2719479166666667 0.1111111111111111 0.07961458333333334 0.2222222222222222
2 0.3619791666666667 0.10119444444444445 0.07068229166666667 0.20237962962962963
2 0.109375 0.5291018518518518 0.11011979166666667 0.2698425925925926
5 0.19903125 0.4570092592592592 0.091515625 0.25528703703703703
3 0.29203645833333336 0.41071296296296295 0.07663541666666666 0.25528703703703703
0 0.37090625 0.3862407407407407 0.06175520833333333 0.23809259259259258
6 0.658109375 0.09325 0.06770833333333333 0.18650925925925926
6 0.747765625 0.10317592592592593 0.07738020833333333 0.20635185185185187
4 0.9505208333333334 0.1653425925925926 0.09895833333333333 0.3306851851851852
7 0.634671875 0.35317592592592595 0.05505729166666666 0.25397222222222227
1 0.7157760416666666 0.3769814814814815 0.06398958333333334 0.25397222222222227
7 0.799109375 0.42526851851851855 0.08184374999999999 0.26587037037037037
1 0.9021562500000001 0.5138888888888888 0.103421875 0.2738055555555555