0 0.04984895833333333 0.17460185185185184 0.099703125 0.3492037037037037
0 0.2689739583333333 0.10713888888888888 0.07961458333333334 0.21428703703703705
3 0.3619791666666667 0.09656481481481483 0.07366145833333333 0.19312037037037036
3 0.19940625 0.45767592592592593 0.09226041666666666 0.2566111111111111
2 0.15253125 0.1388888888888889 0.10267708333333332 0.2777777777777778
2 0.28310937500000005 0.4087314814814815 0.078125 0.25925925925925924
5 0.375 0.36574074074074076 0.061010416666666664 0.24735185185185185
5 0.11644270833333333 0.5337314814814814 0.11234895833333333 0.2632314814814815
4 0.7455364583333334 0.10648148148148148 0.075890625 0.21296296296296297
1 0.8482135416666666 0.1263240740740741 0.09226041666666666 0.2526481481481482
1 0.7894322916666667 0.4212962962962963 0.08184374999999999 0.25793518518518516
6 0.947546875 0.1640185185185185 0.10491145833333333 0.32804629629629634
6 0.6354166666666666 0.34524074074074074 0.05505729166666666 0.23280555555555557
7 0.7068437500000001 0.3756574074074074 0.06547395833333333 0.2513240740740741
7 0.8802083333333334 0.48676851851851854 0.09821354166666667 0.27249074074074076