5 0.05096875 0.16997222222222222 0.10193229166666667 0.3373055555555556
3 0.14769270833333334 0.13690740740740742 0.09895833333333333 0.2738055555555555
3 0.24665104166666665 0.11176851851851852 0.08258854166666667 0.2235462962962963
2 0.35565625 0.09987037037037037 0.07142708333333332 0.19973148148148148
2 0.09821354166666667 0.5238055555555556 0.111609375 0.2645462962962963
0 0.19196354166666665 0.45237962962962963 0.09077604166666667 0.2433888888888889
5 0.27418229166666663 0.39616666666666667 0.07515104166666667 0.24735185185185185
0 0.375 0.3617685185185185 0.05952604166666667 0.23941666666666667
1 0.6599687500000001 0.10119444444444445 0.068453125 0.20237962962962963
7 0.7563229166666667 0.10582407407407408 0.07515104166666667 0.21163888888888888
1 0.8697916666666666 0.1289722222222222 0.09672395833333333 0.25793518518518516
4 0.626859375 0.3478796296296296 0.055802083333333335 0.2433888888888889
6 0.7083333333333334 0.38360185185185186 0.06398958333333334 0.2433888888888889
7 0.7998489583333334 0.4279074074074074 0.08333333333333333 0.2632314814814815
6 0.9021562500000001 0.5291018518518518 0.103421875 0.25925925925925924