2 0.05878125 0.16005555555555556 0.11755729166666667 0.32010185185185186
2 0.3753697916666667 0.35912962962962963 0.057291666666666664 0.24735185185185185
3 0.17076041666666666 0.1322777777777778 0.09449479166666667 0.25925925925925924
5 0.2604166666666667 0.10912962962962963 0.080359375 0.21561111111111111
3 0.20201041666666666 0.4589907407407407 0.095984375 0.25925925925925924
5 0.12090624999999999 0.5205 0.10640104166666667 0.2632314814814815
0 0.2886927083333333 0.4054259259259259 0.07291666666666667 0.23941666666666667
0 0.3604895833333333 0.10052777777777777 0.06621875 0.20105555555555554
7 0.6640625 0.09259259259259259 0.064734375 0.18518518518518517
7 0.7180052083333333 0.37962962962962965 0.06696354166666667 0.2566111111111111
1 0.6395104166666666 0.3630925925925926 0.05431770833333334 0.25
1 0.799109375 0.41864814814814816 0.08333333333333333 0.26058333333333333
6 0.7488854166666666 0.10780555555555556 0.07663541666666666 0.21031481481481482
6 0.8400312499999999 0.12764814814814815 0.09226041666666666 0.25528703703703703
4 0.8939739583333334 0.4940462962962963 0.10193229166666667 0.27116666666666667