2 0.040921874999999996 0.2248703703703704 0.08184374999999999 0.2751296296296296
2 0.37314062499999995 0.35912962962962963 0.057291666666666664 0.2526481481481482
5 0.19680208333333335 0.4623055555555556 0.09449479166666667 0.25793518518518516
5 0.3530520833333333 0.09787962962962962 0.072171875 0.19576851851851854
3 0.2953854166666667 0.39417592592592593 0.07291666666666667 0.2486759259259259
3 0.259671875 0.11176851851851852 0.08482291666666668 0.2235462962962963
0 0.16108854166666667 0.13360185185185183 0.09746874999999999 0.26719444444444446
0 0.10453645833333333 0.5324074074074074 0.10788541666666666 0.25793518518518516
4 0.6595989583333334 0.09457407407407407 0.06919791666666668 0.1891574074074074
1 0.755953125 0.10713888888888888 0.07886979166666667 0.21428703703703705
6 0.7101927083333333 0.3723518518518518 0.064734375 0.23412962962962963
6 0.8426354166666666 0.12962962962962962 0.09003125000000001 0.25925925925925924
7 0.7953854166666667 0.42394444444444446 0.08630729166666667 0.2632314814814815
7 0.9534947916666667 0.17063888888888887 0.09300520833333333 0.33862037037037035
1 0.8891354166666667 0.5019814814814815 0.10119270833333333 0.2632314814814815