5 0.05059375 0.16997222222222222 0.10119270833333333 0.3346574074074074
3 0.14732291666666666 0.13690740740740742 0.09821354166666667 0.2738055555555555
5 0.25 0.1124351851851852 0.080359375 0.2248703703703704
2 0.35714062500000004 0.10185185185185185 0.07291666666666667 0.2037037037037037
0 0.111609375 0.5423240740740741 0.10863020833333333 0.2566111111111111
2 0.19270833333333334 0.4464259259259259 0.09375 0.26058333333333333
3 0.28422395833333336 0.3928611111111111 0.075890625 0.2486759259259259
0 0.3761145833333333 0.3617685185185185 0.057291666666666664 0.23676851851851852
1 0.6246302083333333 0.3551574074074074 0.052828125000000004 0.2526481481481482
6 0.7016354166666667 0.38360185185185186 0.061010416666666664 0.24074074074074073
6 0.6413697916666667 0.09193518518518519 0.06547395833333333 0.18386111111111111
7 0.75 0.10648148148148148 0.075890625 0.21296296296296297
1 0.8675572916666667 0.12434259259259259 0.09672395833333333 0.2486759259259259
4 0.904390625 0.5145462962962963 0.103421875 0.2804259259259259
7 0.7976197916666667 0.42327777777777775 0.08184374999999999 0.2645462962962963