5 0.05059375 0.17063888888888887 0.10119270833333333 0.3412685185185185
5 0.34375 0.09722222222222222 0.06994270833333333 0.19444444444444445
0 0.23734895833333333 0.11838888888888889 0.08482291666666668 0.23676851851851852
0 0.37685937500000005 0.3624351851851852 0.057291666666666664 0.23809259259259258
1 0.6651770833333334 0.0985462962962963 0.07440625000000001 0.1970925925925926
1 0.6313229166666667 0.35450000000000004 0.05431770833333334 0.2513240740740741
3 0.14769270833333334 0.13360185185185183 0.10044791666666668 0.26719444444444446
3 0.29464062500000004 0.3895462962962963 0.07291666666666667 0.2526481481481482
2 0.19866145833333335 0.4470925925925926 0.087796875 0.25925925925925924
2 0.10528124999999999 0.5330648148148148 0.11086458333333334 0.2698425925925926
6 0.7150312499999999 0.38425925925925924 0.06398958333333334 0.244712962962963
6 0.8976927083333333 0.5271203703703703 0.10193229166666667 0.2632314814814815
7 0.7976197916666667 0.4265833333333333 0.08184374999999999 0.26587037037037037
7 0.8523072916666667 0.1289722222222222 0.095984375 0.25793518518518516
4 0.7514895833333333 0.10713888888888888 0.07886979166666667 0.20899074074074075