2 0.04650520833333334 0.18187962962962964 0.09300520833333333 0.3637592592592593
3 0.14769270833333334 0.14417592592592593 0.10491145833333333 0.2883611111111111
0 0.24181770833333335 0.11772222222222223 0.08184374999999999 0.2354537037037037
5 0.33296354166666664 0.10846296296296297 0.07515104166666667 0.21693518518518518
0 0.11272395833333333 0.5310833333333334 0.10640104166666667 0.25793518518518516
5 0.19010416666666666 0.4470925925925926 0.09300520833333333 0.2619074074074074
2 0.29315625 0.39417592592592593 0.07291666666666667 0.2566111111111111
3 0.36644270833333337 0.3630925925925926 0.057291666666666664 0.25
6 0.6521562500000001 0.10250925925925926 0.064734375 0.20502777777777778
7 0.849328125 0.13491666666666668 0.09449479166666667 0.2698425925925926
1 0.9527552083333333 0.16931481481481483 0.09449479166666667 0.33862037037037035
4 0.8880208333333334 0.5145462962962963 0.103421875 0.2777777777777778
1 0.802828125 0.44510185185185186 0.08482291666666668 0.26587037037037037
6 0.7194947916666667 0.4133611111111111 0.06696354166666667 0.244712962962963
7 0.6365312500000001 0.37037037037037035 0.052828125000000004 0.25397222222222227