3 0.03980729166666667 0.21891666666666668 0.07961458333333334 0.2632314814814815
3 0.34858854166666664 0.10052777777777777 0.06919791666666668 0.19841666666666666
5 0.12983854166666667 0.1395462962962963 0.10193229166666667 0.2791018518518519
5 0.36309375 0.3630925925925926 0.05952604166666667 0.24206481481481482
0 0.28050520833333337 0.4027777777777778 0.07440625000000001 0.24206481481481482
0 0.11086458333333334 0.5443148148148148 0.10863020833333333 0.25528703703703703
2 0.19419791666666666 0.44775 0.09375 0.25793518518518516
2 0.24293229166666666 0.12102777777777779 0.084078125 0.24206481481481482
4 0.6376510416666666 0.08994444444444445 0.06696354166666667 0.17989814814814814
1 0.6253697916666667 0.35450000000000004 0.048364583333333336 0.2433888888888889
6 0.7034947916666667 0.3862407407407407 0.06324479166666667 0.2433888888888889
7 0.7514895833333333 0.10582407407407408 0.07142708333333332 0.21163888888888888
1 0.8709062500000001 0.12698148148148147 0.095984375 0.2486759259259259
6 0.9066197916666667 0.5324074074074074 0.10193229166666667 0.25793518518518516
7 0.9661458333333334 0.21693518518518518 0.06770833333333333 0.25925925925925924