3 0.03943229166666666 0.21825 0.07886979166666667 0.2645462962962963
2 0.244046875 0.12037037037037036 0.08630729166666667 0.24074074074074073
3 0.34784375 0.0985462962962963 0.07961458333333334 0.1970925925925926
0 0.11086458333333334 0.5462962962962963 0.11011979166666667 0.25397222222222227
2 0.19196354166666665 0.4470925925925926 0.09523958333333334 0.2619074074074074
0 0.27939062499999995 0.4034351851851852 0.07663541666666666 0.24602777777777776
6 0.640625 0.09391666666666668 0.06547395833333333 0.18783333333333335
7 0.7496302083333333 0.10648148148148148 0.07366145833333333 0.21296296296296297
1 0.8660729166666666 0.1263240740740741 0.09523958333333334 0.2526481481481482
1 0.625 0.35317592592592595 0.05059375 0.2486759259259259
6 0.7023802083333333 0.38293518518518516 0.06398958333333334 0.244712962962963
7 0.7976197916666667 0.42592592592592593 0.08482291666666668 0.2619074074074074
5 0.13057812500000002 0.14153703703703704 0.10193229166666667 0.28306481481481477
5 0.36421354166666664 0.36706481481481484 0.064734375 0.24206481481481482
4 0.904015625 0.5132314814814815 0.10416666666666667 0.2777777777777778