5 0.05171354166666667 0.17262037037037037 0.103421875 0.34524074074074074
5 0.27641145833333336 0.3988055555555555 0.07663541666666666 0.2526481481481482
2 0.10119270833333333 0.5264537037037037 0.11458333333333333 0.2698425925925926
2 0.3578854166666667 0.10250925925925926 0.075890625 0.20502777777777778
3 0.247765625 0.11441666666666667 0.087796875 0.22883333333333333
3 0.1484375 0.13624074074074072 0.10044791666666668 0.27249074074074076
0 0.3761145833333333 0.3617685185185185 0.06175520833333333 0.23676851851851852
0 0.19159375 0.45105555555555554 0.08854166666666667 0.24602777777777776
6 0.6421145833333333 0.09524074074074074 0.06547395833333333 0.19047222222222224
6 0.7619062499999999 0.10780555555555556 0.07886979166666667 0.21561111111111111
4 0.8735104166666667 0.1256574074074074 0.09226041666666666 0.2513240740740741
1 0.6283489583333334 0.3584629629629629 0.055802083333333335 0.2513240740740741
1 0.9088541666666666 0.5171944444444445 0.10491145833333333 0.27249074074074076
7 0.7146562500000001 0.38491666666666663 0.06919791666666668 0.2566111111111111
7 0.8017135416666666 0.4285740740740741 0.08258854166666667 0.2645462962962963