0 0.041666666666666664 0.17526851851851852 0.08333333333333333 0.35052777777777777
3 0.13653125 0.14351851851851852 0.10193229166666667 0.28703703703703703
5 0.23921354166666667 0.11508333333333334 0.08556770833333333 0.2301574074074074
2 0.328125 0.10648148148148148 0.07440625000000001 0.21296296296296297
3 0.107140625 0.530425925925926 0.111609375 0.2698425925925926
5 0.19382291666666665 0.44378703703703704 0.09003125000000001 0.25528703703703703
2 0.2886927083333333 0.3915370370370371 0.07291666666666667 0.2513240740740741
0 0.37574479166666663 0.3637592592592593 0.05952604166666667 0.23809259259259258
7 0.650296875 0.10185185185185185 0.06994270833333333 0.2037037037037037
6 0.8526770833333334 0.13425925925925927 0.09077604166666667 0.26851851851851855
6 0.9568437500000001 0.19047222222222224 0.08630729166666667 0.31216666666666665
1 0.6447187499999999 0.3571388888888889 0.05431770833333334 0.2486759259259259
1 0.716890625 0.3769814814814815 0.064734375 0.2513240740740741
4 0.8013385416666666 0.4206388888888889 0.08184374999999999 0.2619074074074074
7 0.892859375 0.4947129629629629 0.10119270833333333 0.2777777777777778